place(-18.136, 1.000, -2.005, "Soldier", 500)
place(-18.321, 1.000, -5.055, "Soldier", 500)
place(-18.136, 1.000, -8.191, "Soldier", 500)
place(-14.764, 1.000, 6.965, "Farm", 250)
upgrade(-14.764, 2.059, 6.965, 200)
upgrade(-14.764, 2.059, 6.965, 550)
upgrade(-18.136, 2.350, -8.191, 250)
upgrade(-18.321, 2.350, -5.055, 250)
upgrade(-18.136, 2.350, -2.005, 250)
upgrade(-18.136, 2.350, -8.191, 800)
upgrade(-18.321, 2.350, -5.055, 800)
upgrade(-18.136, 2.350, -2.005, 800)
upgrade(-14.764, 2.059, 6.965, 1000)
place(-18.853, 1.000, 7.078, "Farm", 250)
upgrade(-18.853, 2.059, 7.078, 200)
upgrade(-18.853, 2.059, 7.078, 550)
upgrade(-18.853, 2.059, 7.078, 1000)
upgrade(-18.853, 2.059, 7.078, 2500)
place(-14.404, 1.866, 20.105, "Military Base", 400)
upgrade(-14.404, 1.866, 20.105, 200)
upgrade(-14.404, 1.866, 20.105, 400)
place(-16.687, 1.866, 24.541, "Military Base", 400)
upgrade(-16.687, 1.866, 24.541, 200)
upgrade(-16.687, 1.866, 24.541, 400)
upgrade(-14.404, 1.866, 20.105, 1750)
upgrade(-16.687, 1.866, 24.541, 1750)
place(-10.803, 1.000, 7.254, "Farm", 250)
upgrade(-10.803, 2.059, 7.254, 200)
upgrade(-10.803, 2.059, 7.254, 550)
upgrade(-10.803, 2.059, 7.254, 1000)
place(-22.788, 1.000, 7.440, "Farm", 250)
upgrade(-22.788, 2.059, 7.440, 200)
upgrade(-22.788, 2.059, 7.440, 550)
upgrade(-22.788, 2.059, 7.440, 1000)
place(-9.444, 1.000, 10.712, "Farm", 250)
upgrade(-22.788, 2.059, 7.440, 2500)
upgrade(-9.444, 2.059, 10.712, 200)
upgrade(-9.444, 2.059, 10.712, 550)
upgrade(-9.444, 2.059, 10.712, 1000)
upgrade(-9.444, 2.059, 10.712, 2500)
place(-5.292, 1.000, 11.195, "Farm", 250)
upgrade(-5.292, 2.059, 11.195, 200)
upgrade(-5.292, 2.059, 11.195, 550)
upgrade(-5.292, 2.059, 11.195, 1000)
upgrade(-5.292, 2.059, 11.195, 2500)
upgrade(-5.292, 2.059, 11.195, 5000)
upgrade(-5.292, 2.059, 11.195, 5566)
place(-1.725, 1.000, 12.625, "Farm", 250)
upgrade(-1.725, 2.059, 12.625, 200)
upgrade(-1.725, 2.059, 12.625, 550)
upgrade(-1.725, 2.059, 12.625, 1000)
place(2.231, 1.000, 12.726, "Farm", 250)
upgrade(2.231, 2.059, 12.726, 200)
upgrade(2.231, 2.059, 12.726, 550)
upgrade(2.231, 2.059, 12.726, 1000)
place(10.151, 1.000, 11.808, "Farm", 250)
upgrade(-14.404, 1.866, 20.105, 7500)
upgrade(-16.687, 1.866, 24.541, 7500)
place(-12.048, 1.866, 24.660, "Military Base", 400)
upgrade(-12.048, 1.866, 24.660, 200)
upgrade(-12.048, 1.866, 24.660, 400)
upgrade(-12.048, 1.866, 24.660, 1750)
upgrade(-12.048, 1.866, 24.660, 7500)
upgrade(-12.048, 1.866, 24.660, 25000)
place(-9.718, 1.866, 19.969, "Military Base", 400)
upgrade(-9.718, 1.866, 19.969, 200)
upgrade(-9.718, 1.866, 19.969, 400)
upgrade(-9.718, 1.866, 19.969, 1750)
upgrade(-9.718, 1.866, 19.969, 7500)
place(-8.971, 1.866, 28.296, "Military Base", 400)
upgrade(-8.971, 1.866, 28.296, 200)
upgrade(-8.971, 1.866, 28.296, 400)
upgrade(-8.971, 1.866, 28.296, 1750)
upgrade(-8.971, 1.866, 28.296, 7500)
place(-13.109, 1.000, -9.130, "Hacker", 1400)
upgrade(-13.109, 2.351, -9.130, 600)
upgrade(-13.109, 2.351, -9.130, 1250)
place(-9.981, 1.000, -8.901, "Hacker", 1400)
place(-9.984, 1.000, -9.113, "Hacker", 1400)
upgrade(-9.981, 2.351, -8.901, 600)
upgrade(-9.981, 2.351, -8.901, 1250)
place(25.164, 1.000, 18.991, "Mercenary Base", 2000)
upgrade(25.164, 0.975, 18.991, 1000)
upgrade(25.164, 0.975, 18.991, 2000)
upgrade(25.164, 0.975, 18.991, 7000)
place(20.640, 1.000, 19.057, "Mercenary Base", 2000)
upgrade(20.640, 0.975, 19.057, 1000)
upgrade(20.640, 0.975, 19.057, 2000)
upgrade(20.640, 0.975, 19.057, 7000)
place(22.549, 1.000, 12.695, "Mercenary Base", 2000)
upgrade(22.549, 0.975, 12.695, 1000)
upgrade(22.549, 0.975, 12.695, 2000)
upgrade(22.549, 0.975, 12.695, 7000)
upgrade(22.549, 0.975, 12.695, 10000)
upgrade(22.549, 0.975, 12.695, 15000)
upgrade(22.549, 0.975, 12.695, 35000)
upgrade(20.640, 0.975, 19.057, 10000)
upgrade(20.640, 0.975, 19.057, 15000)
upgrade(20.640, 0.975, 19.057, 35000)
upgrade(20.640, 0.975, 19.057, 42336)
upgrade(25.164, 0.975, 18.991, 10000)
upgrade(25.164, 0.975, 18.991, 15000)
upgrade(25.164, 0.975, 18.991, 35000)
upgrade(-9.718, 1.866, 19.969, 25000)
upgrade(-8.971, 1.866, 28.296, 25000)
upgrade(-12.048, 1.866, 24.660, 32072)
upgrade(-16.687, 1.866, 24.541, 25000)
upgrade(-14.404, 1.866, 20.105, 25000)
upgrade(-9.981, 2.351, -8.901, 7500)
upgrade(-9.981, 2.351, -8.901, 22000)
upgrade(-9.981, 2.351, -8.901, 73475)
upgrade(-13.109, 2.351, -9.130, 7500)
upgrade(-13.109, 2.351, -9.130, 22000)
upgrade(-13.109, 2.351, -9.130, 69100)
upgrade(-18.136, 2.350, -8.191, 5750)
upgrade(-18.136, 2.350, -8.191, 14500)
upgrade(-18.136, 2.350, -8.191, 12856)
upgrade(-18.321, 2.350, -5.055, 5750)
upgrade(-18.321, 2.350, -5.055, 14500)
upgrade(-18.321, 2.350, -5.055, 16917)
upgrade(-18.136, 2.350, -2.005, 5750)
upgrade(-18.136, 2.350, -2.005, 14500)
place(-5.953, 1.000, -3.547, "Soldier", 500)
upgrade(-5.953, 2.350, -3.547, 250)
upgrade(-5.953, 2.350, -3.547, 800)
upgrade(-5.953, 2.350, -3.547, 5750)
upgrade(-5.953, 2.350, -3.547, 14500)
upgrade(-5.953, 2.350, -3.547, 13326)
place(-2.880, 1.000, -3.363, "Soldier", 500)
upgrade(-2.880, 2.350, -3.363, 250)
upgrade(-2.880, 2.350, -3.363, 800)
upgrade(-2.880, 2.350, -3.363, 5750)
upgrade(-2.880, 2.350, -3.363, 14500)
place(0.183, 1.000, -3.238, "Soldier", 500)
upgrade(0.183, 2.350, -3.238, 250)
upgrade(0.183, 2.350, -3.238, 800)
upgrade(0.183, 2.350, -3.238, 5750)
upgrade(0.183, 2.350, -3.238, 14500)
place(3.383, 1.000, -3.225, "Soldier", 500)
upgrade(3.383, 2.350, -3.225, 250)
upgrade(3.383, 2.350, -3.225, 800)
upgrade(3.383, 2.350, -3.225, 5750)
upgrade(3.383, 2.350, -3.225, 14500)
place(-12.178, 1.000, -3.388, "Soldier", 500)
upgrade(-12.178, 2.350, -3.388, 250)
upgrade(-12.178, 2.350, -3.388, 800)
upgrade(-12.178, 2.350, -3.388, 5750)
upgrade(-12.178, 2.350, -3.388, 14500)
place(-9.057, 1.000, -3.666, "Soldier", 500)
upgrade(-9.057, 2.350, -3.666, 250)
upgrade(-9.057, 2.350, -3.666, 800)
upgrade(-9.057, 2.350, -3.666, 5750)
upgrade(-9.057, 2.350, -3.666, 14500)
upgrade(-9.057, 2.350, -3.666, 3215)
place(-7.965, 1.000, -0.832, "Soldier", 500)
upgrade(-7.965, 2.350, -0.832, 250)
upgrade(-7.965, 2.350, -0.832, 800)
upgrade(-7.965, 2.350, -0.832, 5750)
upgrade(-7.965, 2.350, -0.832, 14500)
upgrade(-7.965, 2.350, -0.832, 1864)
place(-1.453, 1.000, 2.497, "Soldier", 500)
upgrade(-1.453, 2.350, 2.497, 250)
upgrade(-1.453, 2.350, 2.497, 800)
upgrade(-1.453, 2.350, 2.497, 5750)
upgrade(-1.453, 2.350, 2.497, 14500)
place(-7.787, 1.000, 2.280, "Soldier", 500)
upgrade(-7.787, 2.350, 2.280, 250)
upgrade(-7.787, 2.350, 2.280, 800)
upgrade(-7.787, 2.350, 2.280, 5750)
upgrade(-7.787, 2.350, 2.280, 14500)
place(-7.844, 1.000, 5.502, "Soldier", 500)
upgrade(-7.844, 2.350, 5.502, 250)
upgrade(-7.844, 2.350, 5.502, 800)
upgrade(-7.844, 2.350, 5.502, 5750)
upgrade(-7.844, 2.350, 5.502, 14500)
place(1.590, 1.000, 2.870, "Soldier", 500)
upgrade(1.590, 2.350, 2.870, 250)
upgrade(1.590, 2.350, 2.870, 800)
upgrade(1.590, 2.350, 2.870, 5750)
upgrade(1.590, 2.350, 2.870, 14500)
place(5.425, 1.000, 2.948, "Soldier", 500)
upgrade(5.425, 2.350, 2.948, 250)
upgrade(5.425, 2.350, 2.948, 800)
upgrade(5.425, 2.350, 2.948, 5750)
upgrade(5.425, 2.350, 2.948, 14500)
upgrade(5.425, 2.350, 2.948, 111071)
place(6.941, 1.000, -3.329, "Soldier", 500)
upgrade(6.941, 2.350, -3.329, 250)
upgrade(6.941, 2.350, -3.329, 800)
upgrade(6.941, 2.350, -3.329, 5750)
upgrade(6.941, 2.350, -3.329, 14500)
upgrade(6.941, 2.350, -3.329, 95660)
place(6.745, 1.000, -6.419, "Soldier", 500)
upgrade(6.745, 2.350, -6.419, 250)
upgrade(6.745, 2.350, -6.419, 800)
upgrade(6.745, 2.350, -6.419, 5750)
upgrade(6.745, 2.350, -6.419, 14500)
place(6.513, 1.000, -9.975, "Soldier", 500)
upgrade(6.513, 2.350, -9.975, 250)
upgrade(6.513, 2.350, -9.975, 800)
upgrade(6.513, 2.350, -9.975, 5750)
upgrade(6.513, 2.350, -9.975, 14500)
place(-0.314, 1.000, -9.436, "Soldier", 500)
upgrade(-0.314, 2.350, -9.436, 250)
upgrade(-0.314, 2.350, -9.436, 800)
upgrade(-0.314, 2.350, -9.436, 5750)
upgrade(-0.314, 2.350, -9.436, 14500)
place(-0.232, 1.000, -12.556, "Soldier", 500)
upgrade(-0.232, 2.350, -12.556, 250)
upgrade(-0.232, 2.350, -12.556, 800)
upgrade(-0.232, 2.350, -12.556, 5750)
upgrade(-0.232, 2.350, -12.556, 14500)
place(-3.868, 1.000, -9.055, "Soldier", 500)
upgrade(-3.868, 2.350, -9.055, 250)
upgrade(-3.868, 2.350, -9.055, 800)
upgrade(-3.868, 2.350, -9.055, 5750)
upgrade(-3.868, 2.350, -9.055, 14500)
place(-3.605, 1.000, -12.187, "Soldier", 500)
upgrade(-3.605, 2.350, -12.187, 250)
upgrade(-3.605, 2.350, -12.187, 800)
upgrade(-3.605, 2.350, -12.187, 5750)
upgrade(-3.605, 2.350, -12.187, 14500)
place(-2.540, 1.000, -15.081, "Soldier", 500)
upgrade(-2.540, 2.350, -15.081, 250)
upgrade(-2.540, 2.350, -15.081, 800)
upgrade(-2.540, 2.350, -15.081, 5750)
upgrade(-2.540, 2.350, -15.081, 14500)
place(0.272, 1.000, -16.952, "Soldier", 500)
upgrade(0.272, 2.350, -16.952, 250)
upgrade(0.272, 2.350, -16.952, 800)
upgrade(0.272, 2.350, -16.952, 5750)
upgrade(0.272, 2.350, -16.952, 14500)
place(3.886, 1.000, -17.408, "Soldier", 500)
upgrade(3.886, 2.350, -17.408, 250)
upgrade(3.886, 2.350, -17.408, 800)
upgrade(3.886, 2.350, -17.408, 5750)
upgrade(3.886, 2.350, -17.408, 14500)
